* 格式 ：timestamp province city userid adid
* 0某个时间点 1某个省份 2某个城市 3某个用户 4某个广告
  1516609143867 6 7 64 16
  1516609143869 9 4 75 18
  1516609143869 1 7 87 12
  1516609143869 2 8 92 9
  1516609143867 6 7 64 17
    1516609143867 6 7 64 17
      1516609143867 6 7 64 18
        1516609143867 6 7 64 19
    1516609143867 6 7 64 16
    1516609143869 9 4 75 18
    1516609143869 1 7 87 12
    1516609143869 2 8 92 9
1516609143867 6 7 64 16
1516609143867 6 7 64 16
    1516609143867 6 7 64 16

      1516609143869 1 7 87 12
        1516609143869 1 7 87 12
          1516609143869 1 7 87 12

            1516609143869 9 4 75 21